0: 0.050400 [0.047582,0.053218]  c_i: 0.6 0.45 0.5 0.5 0.5 0.5 
1: new gw 40000 current max 0.047850 [0.045101,0.050599]  c_i: 0.6 0.45 0.5 0.5 0.5 0.5 
2: 0.049200 [0.046414,0.051986]  c_i: 0.6 0.5 0.45 0.5 0.5 0.5 
3: 0.049750 [0.046744,0.052756]  c_i: 0.6 0.5 0.45 0.5 0.8500001 0.5 
4: 0.057725 [0.054721,0.060729]  c_i: 0.55 0.5 0.45 0.5 0.8500001 0.5 
5: 0.059575 [0.056526,0.062624]  c_i: 0.6 0.45 0.45 0.5 0.9000001 0.5 
6: 0.061625 [0.058290,0.064960]  c_i: 0.6 0.70000005 0.70000005 0.75000006 0.9000001 0.5 
7: 0.075025 [0.071632,0.078418]  c_i: 0.6 0.65000004 0.70000005 0.75000006 0.9000001 0.55 
8: new gw 40000 current max 0.072975 [0.069625,0.076325]  c_i: 0.6 0.65000004 0.70000005 0.75000006 0.9000001 0.55 
9: 0.076125 [0.072709,0.079541]  c_i: 0.6 0.65000004 0.70000005 0.8000001 1.0 0.55 
10: 0.076925 [0.073448,0.080402]  c_i: 0.6 0.65000004 0.70000005 0.8000001 1.0 0.55 
11: 0.082225 [0.078687,0.085763]  c_i: 0.6 0.65000004 0.70000005 0.8500001 1.0 0.6 
12: 0.082675 [0.079128,0.086222]  c_i: 0.6 0.65000004 0.70000005 0.8500001 1.0 0.6 
13: 0.085625 [0.082021,0.089229]  c_i: 0.55 0.6 0.70000005 0.8500001 1.0 0.6 
14: new gw 40000 current max 0.082675 [0.079128,0.086222]  c_i: 0.55 0.6 0.70000005 0.8500001 1.0 0.6 
15: 0.090250 [0.086494,0.094006]  c_i: 0.55 0.6 0.70000005 0.9500001 1.0 0.70000005 
16: 0.094075 [0.090315,0.097835]  c_i: 0.6 0.6 0.70000005 0.9500001 1.0 0.70000005 
17: 0.096600 [0.092795,0.100405]  c_i: 0.6 0.6 0.70000005 1.0 1.0 0.70000005 
18: 0.099375 [0.095357,0.103393]  c_i: 0.6 0.099999964 0.45 1.0 1.0 0.70000005 
19: 0.109050 [0.105035,0.113065]  c_i: 0.6 0.049999963 0.45 1.0 1.0 0.70000005 
20: 0.112125 [0.107957,0.116293]  c_i: 0.6 0.049999963 0.45 1.0 1.0 0.9500001 
21: 0.118225 [0.114067,0.122383]  c_i: 0.55 0.049999963 0.45 1.0 1.0 0.9500001 
22: 0.122525 [0.118302,0.126748]  c_i: 0.6 0.049999963 0.45 1.0 1.0 1.0 
23: new gw 40000 current max 0.122200 [0.117982,0.126418]  c_i: 0.6 0.049999963 0.45 1.0 1.0 1.0 
24: new gw 44000 current max 0.117841 [0.113688,0.121993]  c_i: 0.6 0.049999963 0.45 1.0 1.0 1.0 
25: new gw 44000 current max 0.117273 [0.113322,0.121224]  c_i: 0.6 0.049999963 0.45 1.0 1.0 1.0 
26: 0.117841 [0.113882,0.121800]  c_i: 0.6 0.0 0.39999998 1.0 1.0 1.0 
27: 0.121568 [0.117555,0.125581]  c_i: 0.6 0.0 0.39999998 1.0 1.0 1.0 
28: 0.123614 [0.119553,0.127674]  c_i: 0.6 0.0 0.099999964 1.0 1.0 1.0 
29: 0.124795 [0.120737,0.128854]  c_i: 0.65000004 0.0 0.099999964 1.0 1.0 1.0 
30: new gw 44000 current max 0.125068 [0.121006,0.129130]  c_i: 0.65000004 0.0 0.099999964 1.0 1.0 1.0 
31: 0.125636 [0.121553,0.129720]  c_i: 0.8500001 0.0 0.099999964 1.0 1.0 1.0 
32: 0.126159 [0.122082,0.130236]  c_i: 0.8000001 0.0 0.099999964 1.0 1.0 1.0 
33: 0.129023 [0.124906,0.133139]  c_i: 0.8000001 0.0 0.049999963 1.0 1.0 1.0 
34: new gw 44000 current max 0.125750 [0.121678,0.129822]  c_i: 0.8000001 0.0 0.049999963 1.0 1.0 1.0 
35: 0.126795 [0.122709,0.130882]  c_i: 0.8000001 0.0 0.0 1.0 1.0 1.0 
36: new gw 44000 current max 0.127545 [0.123449,0.131642]  c_i: 0.8000001 0.0 0.0 1.0 1.0 1.0 
37: new gw 48400 current max 0.123946 [0.119900,0.127993]  c_i: 0.8000001 0.0 0.0 1.0 1.0 1.0 
38: new gw 48400 current max 0.124339 [0.120475,0.128202]  c_i: 0.8000001 0.0 0.0 1.0 1.0 1.0 
39: 0.125000 [0.121128,0.128872]  c_i: 0.75000006 0.0 0.0 1.0 1.0 1.0 
40: 0.125537 [0.121658,0.129417]  c_i: 0.75000006 0.0 0.0 1.0 1.0 1.0 
41: new gw 48400 current max 0.124938 [0.121067,0.128809]  c_i: 0.75000006 0.0 0.0 1.0 1.0 1.0 
42: 0.126033 [0.122142,0.129924]  c_i: 0.65000004 0.2 0.0 1.0 1.0 1.0 
43: 0.126426 [0.122535,0.130317]  c_i: 0.65000004 0.2 0.0 1.0 1.0 1.0 
44: new gw 48400 current max 0.123946 [0.120088,0.127804]  c_i: 0.65000004 0.2 0.0 1.0 1.0 1.0 
45: 0.124587 [0.120714,0.128460]  c_i: 0.65000004 0.2 0.1 1.0 1.0 1.0 
46: 0.125186 [0.121311,0.129061]  c_i: 0.6 0.2 0.1 1.0 1.0 1.0 
47: 0.126260 [0.122371,0.130149]  c_i: 0.6 0.3 0.1 1.0 1.0 1.0 
48: new gw 48400 current max 0.123926 [0.120068,0.127784]  c_i: 0.6 0.3 0.1 1.0 1.0 1.0 
49: new gw 53240 current max 0.126352 [0.122462,0.130242]  c_i: 0.6 0.3 0.1 1.0 1.0 1.0 
50: 0.127385 [0.123663,0.131107]  c_i: 0.6 0.3 0.0 1.0 1.0 1.0 
51: new gw 53240 current max 0.124080 [0.120399,0.127760]  c_i: 0.6 0.3 0.0 1.0 1.0 1.0 
52: 0.124606 [0.120919,0.128293]  c_i: 0.6 0.35000002 0.0 1.0 1.0 1.0 
53: 0.127423 [0.123701,0.131145]  c_i: 0.55 0.35000002 0.0 1.0 1.0 1.0 
54: new gw 53240 current max 0.125376 [0.121679,0.129072]  c_i: 0.55 0.35000002 0.0 1.0 1.0 1.0 
55: 0.125620 [0.121920,0.129320]  c_i: 0.55 0.3 0.0 1.0 1.0 1.0 
56: 0.126221 [0.122513,0.129928]  c_i: 0.55 0.3 0.0 1.0 1.0 1.0 
57: new gw 53240 current max 0.124098 [0.120418,0.127779]  c_i: 0.55 0.3 0.0 1.0 1.0 1.0 
58: 0.125338 [0.121642,0.129034]  c_i: 0.6 0.25 0.0 1.0 1.0 1.0 
59: new gw 53240 current max 0.123103 [0.119435,0.126771]  c_i: 0.6 0.25 0.0 1.0 1.0 1.0 
60: 0.123760 [0.120084,0.127437]  c_i: 0.6 0.2 0.0 1.0 1.0 1.0 
61: 0.127292 [0.123571,0.131012]  c_i: 0.5 0.2 0.0 1.0 1.0 1.0 
62: new gw 53240 current max 0.125301 [0.121605,0.128996]  c_i: 0.5 0.2 0.0 1.0 1.0 1.0 
63: 0.125789 [0.122087,0.129491]  c_i: 0.45 0.2 0.0 1.0 1.0 1.0 
64: 0.127367 [0.123631,0.131103]  c_i: 0.55 0.10000001 0.0 1.0 1.0 1.0 
65: 0.127742 [0.124016,0.131469]  c_i: 0.6 0.10000001 0.0 1.0 1.0 1.0 
66: new gw 53240 current max 0.127761 [0.124034,0.131488]  c_i: 0.6 0.10000001 0.0 1.0 1.0 1.0 
67: 0.128268 [0.124535,0.132001]  c_i: 0.6 0.05000001 0.0 1.0 1.0 1.0 
68: new gw 53240 current max 0.126690 [0.122977,0.130404]  c_i: 0.6 0.05000001 0.0 1.0 1.0 1.0 
69: 0.127198 [0.123478,0.130917]  c_i: 0.6 0.10000001 0.0 1.0 1.0 1.0 
70: 0.130654 [0.126891,0.134416]  c_i: 0.6 0.10000001 0.0 1.0 1.0 1.0 
71: new gw 53240 current max 0.128137 [0.124405,0.131868]  c_i: 0.6 0.10000001 0.0 1.0 1.0 1.0 
72: new gw 58564 current max 0.125948 [0.122244,0.129652]  c_i: 0.6 0.10000001 0.0 1.0 1.0 1.0 
73: new gw 58564 current max 0.125316 [0.121792,0.128840]  c_i: 0.6 0.10000001 0.0 1.0 1.0 1.0 
74: 0.125521 [0.121994,0.129047]  c_i: 0.6 0.05000001 0.0 1.0 1.0 1.0 
75: 0.126562 [0.123023,0.130101]  c_i: 0.65000004 0.05000001 0.0 1.0 1.0 1.0 
76: 0.127826 [0.124272,0.131380]  c_i: 0.65000004 7.4505806E-9 0.05 1.0 1.0 1.0 
77: new gw 58564 current max 0.127177 [0.123631,0.130723]  c_i: 0.65000004 7.4505806E-9 0.05 1.0 1.0 1.0 
78: new gw 64420 current max 0.128345 [0.124785,0.131905]  c_i: 0.65000004 7.4505806E-9 0.05 1.0 1.0 1.0 
79: new gw 64420 current max 0.126001 [0.122633,0.129369]  c_i: 0.65000004 7.4505806E-9 0.05 1.0 1.0 1.0 
80: new gw 70862 current max 0.125258 [0.121898,0.128617]  c_i: 0.65000004 7.4505806E-9 0.05 1.0 1.0 1.0 
81: new gw 70862 current max 0.124806 [0.121608,0.128004]  c_i: 0.65000004 7.4505806E-9 0.05 1.0 1.0 1.0 
82: 0.125314 [0.122110,0.128518]  c_i: 0.65000004 0.05000001 0.05 1.0 1.0 1.0 
83: 0.126923 [0.123702,0.130144]  c_i: 0.65000004 0.05000001 0.05 1.0 1.0 1.0 
84: new gw 70862 current max 0.125737 [0.122529,0.128946]  c_i: 0.65000004 0.05000001 0.05 1.0 1.0 1.0 
85: new gw 77948 current max 0.127085 [0.123862,0.130308]  c_i: 0.65000004 0.05000001 0.05 1.0 1.0 1.0 
86: new gw 77948 current max 0.125725 [0.122666,0.128784]  c_i: 0.65000004 0.05000001 0.05 1.0 1.0 1.0 
87: 0.126764 [0.123694,0.129834]  c_i: 0.65000004 0.05000001 0.0 1.0 1.0 1.0 
88: new gw 77948 current max 0.126033 [0.122971,0.129095]  c_i: 0.65000004 0.05000001 0.0 1.0 1.0 1.0 
89: new gw 85742 current max 0.125621 [0.122563,0.128679]  c_i: 0.65000004 0.05000001 0.0 1.0 1.0 1.0 
90: 0.127522 [0.124588,0.130456]  c_i: 0.65000004 0.05000001 0.05 1.0 1.0 1.0 
91: new gw 85742 current max 0.126834 [0.123907,0.129761]  c_i: 0.65000004 0.05000001 0.05 1.0 1.0 1.0 
92: 0.126846 [0.123918,0.129773]  c_i: 0.6 0.05000001 0.05 1.0 1.0 1.0 
93: 0.126974 [0.124045,0.129903]  c_i: 0.6 0.05000001 0.05 1.0 1.0 1.0 
94: new gw 85742 current max 0.125248 [0.122336,0.128160]  c_i: 0.6 0.05000001 0.05 1.0 1.0 1.0 
95: 0.125691 [0.122775,0.128607]  c_i: 0.6 0.05000001 0.1 1.0 1.0 1.0 
96: 0.126822 [0.123895,0.129750]  c_i: 0.6 0.05000001 0.0 1.0 1.0 1.0 
97: new gw 85742 current max 0.127231 [0.124299,0.130162]  c_i: 0.6 0.05000001 0.0 1.0 1.0 1.0 
98: new gw 94316 current max 0.126935 [0.124007,0.129863]  c_i: 0.6 0.05000001 0.0 1.0 1.0 1.0 
99: new gw 94316 current max 0.126532 [0.123744,0.129320]  c_i: 0.6 0.05000001 0.0 1.0 1.0 1.0 
100: new gw 103747 current max 0.127011 [0.124218,0.129804]  c_i: 0.6 0.05000001 0.0 1.0 1.0 1.0 
