
0: 0.048450  c_i: 0.5 0.5 0.5 0.5 0.55 0.5 0.5 
1: new gw 48000 current max 0.047167  c_i: 0.5 0.5 0.5 0.5 0.55 0.5 0.5 
2: 0.047563  c_i: 0.5 0.45 0.5 0.5 0.55 0.55 0.5 
3: 0.052229  c_i: 0.5 0.45 0.5 0.5 0.6 0.55 0.5 
4: 0.054958  c_i: 0.55 0.45 0.45 0.45 0.6 0.55 0.5 
5: 0.055354  c_i: 0.6 0.5 0.45 0.39999998 0.6 0.55 0.5 
6: new gw 57600 current max 0.054670  c_i: 0.6 0.5 0.45 0.39999998 0.6 0.55 0.5 
7: 0.060677  c_i: 0.6 0.5 0.39999998 0.39999998 0.65000004 0.55 0.55 
8: 0.064844  c_i: 0.6 0.5 0.39999998 0.39999998 0.70000005 0.5 0.55 
9: 0.065642  c_i: 0.6 0.5 0.34999996 0.39999998 0.70000005 0.5 0.55 
10: 0.066927  c_i: 0.6 0.5 0.34999996 0.34999996 0.70000005 0.5 0.55 
11: 0.067240  c_i: 0.65000004 0.5 0.34999996 0.29999995 0.70000005 0.55 0.55 
12: 0.067639  c_i: 0.65000004 0.55 0.34999996 0.29999995 0.70000005 0.55 0.55 
13: new gw 69120 current max 0.064641  c_i: 0.65000004 0.55 0.34999996 0.29999995 0.70000005 0.55 0.55 
14: 0.067462  c_i: 0.65000004 0.6 0.34999996 0.34999996 0.70000005 0.55 0.55 
15: new gw 82944 current max 0.066479  c_i: 0.65000004 0.6 0.34999996 0.34999996 0.70000005 0.55 0.55 
16: 0.066539  c_i: 0.65000004 0.55 0.34999996 0.34999996 0.70000005 0.55 0.55 
17: 0.080307  c_i: 0.65000004 0.55 0.29999995 0.34999996 0.8000001 0.55 0.55 
18: 0.080922  c_i: 0.65000004 0.55 0.29999995 0.29999995 0.8000001 0.65000004 0.55 
19: 0.082815  c_i: 0.65000004 0.55 0.29999995 0.24999996 0.8000001 0.65000004 0.55 
20: new gw 99532 current max 0.081763  c_i: 0.65000004 0.55 0.29999995 0.24999996 0.8000001 0.65000004 0.55 
21: 0.081843  c_i: 0.65000004 0.55 0.29999995 0.19999996 0.8000001 0.65000004 0.55 
22: 0.082727  c_i: 0.6 0.55 0.29999995 0.14999996 0.8000001 0.70000005 0.55 
23: 0.082737  c_i: 0.65000004 0.55 0.29999995 0.099999964 0.8000001 0.75000006 0.55 
24: 0.083752  c_i: 0.65000004 0.55 0.34999996 0.099999964 0.8000001 0.75000006 0.55 
25: new gw 119438 current max 0.081616  c_i: 0.65000004 0.55 0.34999996 0.099999964 0.8000001 0.75000006 0.55 
26: 0.082244  c_i: 0.70000005 0.55 0.34999996 0.099999964 0.8000001 0.75000006 0.65000004 
27: 0.083516  c_i: 0.70000005 0.55 0.39999998 0.099999964 0.8000001 0.75000006 0.65000004 
28: new gw 143325 current max 0.083098  c_i: 0.70000005 0.55 0.39999998 0.099999964 0.8000001 0.75000006 0.65000004 
29: 0.100785  c_i: 0.70000005 0.55 0.45 0.099999964 0.9000001 0.75000006 0.65000004 
30: 0.109548  c_i: 0.70000005 0.55 0.5 0.099999964 0.9500001 0.75000006 0.65000004 
31: 0.117565  c_i: 0.70000005 0.55 0.5 0.099999964 1.0 0.75000006 0.65000004 
32: 0.119009  c_i: 0.70000005 0.55 0.5 0.099999964 1.0 0.75000006 0.70000005 
33: 0.119902  c_i: 0.75000006 0.55 0.5 0.099999964 1.0 0.8000001 0.70000005 
34: new gw 171990 current max 0.120216  c_i: 0.75000006 0.55 0.5 0.099999964 1.0 0.8000001 0.70000005 
35: 0.120583  c_i: 0.8000001 0.5 0.5 0.099999964 1.0 0.8000001 0.75000006 
36: new gw 206388 current max 0.118994  c_i: 0.8000001 0.5 0.5 0.099999964 1.0 0.8000001 0.75000006 
37: 0.119789  c_i: 0.75000006 0.5 0.5 0.099999964 1.0 0.8000001 0.8500001 
38: 0.120734  c_i: 0.75000006 0.5 0.5 0.14999996 1.0 0.8000001 0.9000001 
39: new gw 247665 current max 0.120065  c_i: 0.75000006 0.5 0.5 0.14999996 1.0 0.8000001 0.9000001 
40: 0.120461  c_i: 0.75000006 0.5 0.5 0.14999996 1.0 0.8500001 0.9500001 
41: 0.121818  c_i: 0.75000006 0.5 0.5 0.099999964 1.0 0.8500001 1.0 
42: new gw 297198 current max 0.120489  c_i: 0.75000006 0.5 0.5 0.099999964 1.0 0.8500001 1.0 
43: 0.120506  c_i: 0.8000001 0.6 0.5 0.099999964 1.0 0.8500001 1.0 
44: 0.120943  c_i: 0.8500001 0.6 0.6 0.099999964 1.0 0.8500001 1.0 
45: 0.121098  c_i: 0.9000001 0.6 0.6 0.049999963 1.0 0.8500001 1.0 
46: 0.121744  c_i: 0.9000001 0.65000004 0.6 0.0 1.0 0.9000001 1.0 
47: 0.122790  c_i: 0.9000001 0.6 0.6 0.0 1.0 0.9500001 1.0 
48: new gw 356637 current max 0.122242  c_i: 0.9000001 0.6 0.6 0.0 1.0 0.9500001 1.0 
49: 0.122413  c_i: 0.9000001 0.65000004 0.6 0.05 1.0 0.9500001 1.0 
50: 0.122766  c_i: 0.9500001 0.65000004 0.65000004 0.05 1.0 1.0 1.0 
